########################
####### context  #######
########################
The scikit-learn (sklearn) Python library-based workflow was inspired by an older caret R library-based version (https://doi.org/10.1186/s12864-023-09667-w), incorporating the independence of modeling (i.e. training and testing) and prediction (i.e. based on a pre-built model), the management of classification parameters, and the estimation of probabilities associated with predictions.
########################
###### reference  ######
########################
Pierluigi Castelli, Andrea De Ruvo, Andrea Bucciacchio, Nicola D'Alterio, Cesare Camma, Adriano Di Pasquale and Nicolas Radomski (2023) Harmonization of supervised machine learning practices for efficient source attribution of Listeria monocytogenes based on genomic data. 2023, BMC Genomics, 24(560):1-19, https://doi.org/10.1186/s12864-023-09667-w
########################
##### repositories #####
########################
Please, site GitHub (https://github.com/Nicolas-Radomski/GenomicBasedClassification) and/or Docker Hub (https://hub.docker.com/r/nicolasradomski/genomicbasedclassification).
########################
### acknowledgements ###
########################
Many thanks to Andrea De Ruvo and Adriano Di Pasquale for our discussions aimed at improving the algorithm.
########################
####### versions #######
########################
GenomicBasedClassification: 1.0 (released in March 2025)
python: 3.12
argparse: 1.1
pandas: 2.2.2
imblearn: 0.13.0
sklearn: 1.5.2
pickle: 4.0
xgboost: 2.1.3
numpy: 1.26.4
tqdm: 4.67.1
tqdm-joblib: 0.0.4
########################
####### arguments ######
########################
subcommand='prediction'
inputpath_mutations='genomic_profiles_for_prediction.tsv'
inputpath_model='MyDirectory/LR_FirstAnalysis_model.obj'
inputpath_features='MyDirectory/LR_FirstAnalysis_features.obj'
inputpath_encoded_features='MyDirectory/LR_FirstAnalysis_encoded_features.obj'
inputpath_encoded_classes=None
outputpath='MyDirectory'
prefix='LR_SecondAnalysis'
debug=20
warnings=False
nocheck=False
########################
######## checks ########
########################
The warnings were ignored
The traceback level has been set to 20
The recommended versions of Python and packages were properly controlled
The number of expected rows (i.e. >= 1) and columns (i.e. >= 4) of the input file of mutations was properly controled (i.e. 20 and 12 , respectively)
The encoded classes were not provided for a model other than the XGB model
The classifier of the provided best model was properly recognized: LogisticRegression
The classifier of the provided best model and potentially encoded classes were properly provided
The output directory already existed
########################
###### execution #######
########################
The script started on 2025-03-12 17:27:06.269586
The script stoped on 2025-03-12 17:27:06.284287
The script lasted 0 days, 0 hrs, 0 mins and 0.01 secs
########################
##### output files #####
########################
MyDirectory/LR_SecondAnalysis_prediction.tsv
MyDirectory/LR_SecondAnalysis_prediction_log.txt
########################
## prediction dataset ##
########################
 sample prediction    fruit      pig  poultry
S2.1.01        pig 0.115335 0.686540 0.198124
S2.1.02        pig 0.138547 0.684261 0.177191
S2.1.03    poultry 0.159543 0.084994 0.755463
S2.1.04        pig 0.126183 0.786741 0.087075
S2.1.05    poultry 0.375647 0.179764 0.444589
S2.1.06    poultry 0.213382 0.080336 0.706282
S2.1.07        pig 0.228006 0.596768 0.175226
S2.1.08    poultry 0.122232 0.068731 0.809038
S2.1.09        pig 0.159945 0.771896 0.068159
S2.1.10        pig 0.176516 0.740914 0.082570
S2.1.11    poultry 0.111470 0.106082 0.782448
S2.1.12        pig 0.146884 0.793039 0.060077
S2.1.13    poultry 0.144100 0.327938 0.527963
S2.1.14      fruit 0.625081 0.172078 0.202841
S2.1.15      fruit 0.864778 0.080015 0.055207
S2.1.16      fruit 0.608337 0.257511 0.134152
S2.1.17        pig 0.363424 0.398718 0.237857
S2.1.18      fruit 0.799245 0.114529 0.086226
S2.1.19      fruit 0.714347 0.187717 0.097935
S2.1.20      fruit 0.864778 0.080015 0.055207
