########################
####### context  #######
########################
The scikit-learn (sklearn) Python library-based workflow was inspired by an older caret R library-based version (https://doi.org/10.1186/s12864-023-09667-w), incorporating the independence of modeling (i.e. training and testing) and prediction (i.e. based on a pre-built model), the management of classification parameters, and the estimation of probabilities associated with predictions.
########################
###### reference  ######
########################
Pierluigi Castelli, Andrea De Ruvo, Andrea Bucciacchio, Nicola D'Alterio, Cesare Camma, Adriano Di Pasquale and Nicolas Radomski (2023) Harmonization of supervised machine learning practices for efficient source attribution of Listeria monocytogenes based on genomic data. 2023, BMC Genomics, 24(560):1-19, https://doi.org/10.1186/s12864-023-09667-w
########################
##### repositories #####
########################
Please, site GitHub (https://github.com/Nicolas-Radomski/GenomicBasedClassification) and/or Docker Hub (https://hub.docker.com/r/nicolasradomski/genomicbasedclassification).
########################
### acknowledgements ###
########################
Many thanks to Andrea De Ruvo and Adriano Di Pasquale for our discussions aimed at improving the algorithm.
########################
####### versions #######
########################
GenomicBasedClassification: 1.0 (released in March 2025)
python: 3.12
argparse: 1.1
pandas: 2.2.2
imblearn: 0.13.0
sklearn: 1.5.2
pickle: 4.0
xgboost: 2.1.3
numpy: 1.26.4
tqdm: 4.67.1
tqdm-joblib: 0.0.4
########################
####### arguments ######
########################
subcommand='prediction'
inputpath_mutations='genomic_profiles_for_prediction.tsv'
inputpath_model='MyDirectory/RF_FirstAnalysis_model.obj'
inputpath_features='MyDirectory/RF_FirstAnalysis_features.obj'
inputpath_encoded_features='MyDirectory/RF_FirstAnalysis_encoded_features.obj'
inputpath_encoded_classes=None
outputpath='MyDirectory'
prefix='RF_SecondAnalysis'
debug=20
warnings=False
nocheck=False
########################
######## checks ########
########################
The warnings were ignored
The traceback level has been set to 20
The recommended versions of Python and packages were properly controlled
The number of expected rows (i.e. >= 1) and columns (i.e. >= 4) of the input file of mutations was properly controled (i.e. 20 and 12 , respectively)
The encoded classes were not provided for a model other than the XGB model
The classifier of the provided best model was properly recognized: RandomForestClassifier
The classifier of the provided best model and potentially encoded classes were properly provided
The output directory already existed
########################
###### execution #######
########################
The script started on 2025-03-12 17:27:36.181574
The script stoped on 2025-03-12 17:27:36.201593
The script lasted 0 days, 0 hrs, 0 mins and 0.02 secs
########################
##### output files #####
########################
MyDirectory/RF_SecondAnalysis_prediction.tsv
MyDirectory/RF_SecondAnalysis_prediction_log.txt
########################
## prediction dataset ##
########################
 sample prediction    fruit      pig  poultry
S2.1.01        pig 0.031905 0.899300 0.068796
S2.1.02        pig 0.055383 0.808121 0.136496
S2.1.03    poultry 0.074286 0.070714 0.855000
S2.1.04        pig 0.032619 0.905048 0.062333
S2.1.05      fruit 0.426066 0.211786 0.362148
S2.1.06    poultry 0.021786 0.103214 0.875000
S2.1.07        pig 0.197045 0.770000 0.032955
S2.1.08    poultry 0.014286 0.090714 0.895000
S2.1.09        pig 0.043994 0.956006 0.000000
S2.1.10        pig 0.267752 0.692248 0.040000
S2.1.11    poultry 0.000000 0.105000 0.895000
S2.1.12        pig 0.034286 0.959048 0.006667
S2.1.13    poultry 0.008571 0.057143 0.934286
S2.1.14      fruit 0.780000 0.140000 0.080000
S2.1.15      fruit 0.940000 0.010000 0.050000
S2.1.16      fruit 0.794545 0.180000 0.025455
S2.1.17        pig 0.130483 0.458331 0.411186
S2.1.18      fruit 0.920000 0.026000 0.054000
S2.1.19      fruit 0.820000 0.158824 0.021176
S2.1.20      fruit 0.940000 0.010000 0.050000
