########################
####### context  #######
########################
The scikit-learn (sklearn) Python library-based workflow was inspired by an older caret R library-based version (https://doi.org/10.1186/s12864-023-09667-w), incorporating the independence of modeling (i.e. training and testing) and prediction (i.e. based on a pre-built model), the management of classification parameters, and the estimation of probabilities associated with predictions.
########################
###### reference  ######
########################
Pierluigi Castelli, Andrea De Ruvo, Andrea Bucciacchio, Nicola D'Alterio, Cesare Camma, Adriano Di Pasquale and Nicolas Radomski (2023) Harmonization of supervised machine learning practices for efficient source attribution of Listeria monocytogenes based on genomic data. 2023, BMC Genomics, 24(560):1-19, https://doi.org/10.1186/s12864-023-09667-w
########################
##### repositories #####
########################
Please cite:
 GitHub (https://github.com/Nicolas-Radomski/GenomicBasedClassification),
 Docker Hub (https://hub.docker.com/r/nicolasradomski/genomicbasedclassification),
 and/or Anaconda Hub (https://anaconda.org/nicolasradomski/genomicbasedclassification).
########################
### acknowledgements ###
########################
Many thanks to Andrea De Ruvo and Adriano Di Pasquale for the insightful discussions that helped improve the algorithm.
########################
####### versions #######
########################
GenomicBasedClassification: 1.1.0 (released in May 2025)
python: 3.12
argparse: 1.1
pickle: 4.0
pandas: 2.2.2
imblearn: 0.13.0
sklearn: 1.5.2
xgboost: 2.1.3
numpy: 1.26.4
joblib: 1.4.2
tqdm: 4.67.1
tqdm-joblib: 0.0.4
########################
####### arguments ######
########################
subcommand: prediction
inputpath_mutations: genomic_profiles_for_prediction.tsv
inputpath_model: MyDirectory/SVC_FirstAnalysis_model.obj
inputpath_features: MyDirectory/SVC_FirstAnalysis_features.obj
inputpath_encoded_features: MyDirectory/SVC_FirstAnalysis_encoded_features.obj
inputpath_encoded_classes: None
outputpath: MyDirectory
prefix: SVC_SecondAnalysis
debug: 20
warnings: False
nocheck: False
########################
######## checks ########
########################
The warnings were ignored
The traceback level was set to 20
The recommended versions of Python and packages were properly controlled
The number of expected rows (i.e. >= 1) and columns (i.e. >= 4) of the input file of mutations was properly controled (i.e. 20 and 12 , respectively)
The encoded classes were not provided
The classifier of the provided best model was properly recognized: SVC
The classifier of the provided best model was verified for compatibility with encoded classes, which are only used for the XGB classifier
The output directory already existed
########################
###### execution #######
########################
The script started on 2025-05-08 15:44:25.958247
The script stoped on 2025-05-08 15:44:25.975504
The script lasted 0 days, 0 hrs, 0 mins and 0.02 secs
########################
##### output files #####
########################
MyDirectory/SVC_SecondAnalysis_prediction.tsv
MyDirectory/SVC_SecondAnalysis_prediction_log.txt
########################
## prediction dataset ##
########################
 sample prediction    fruit      pig  poultry
S2.1.01        pig 0.041537 0.862054 0.096410
S2.1.02        pig 0.041023 0.862571 0.096405
S2.1.03    poultry 0.110094 0.065426 0.824481
S2.1.04        pig 0.043779 0.877159 0.079061
S2.1.05    poultry 0.272273 0.077975 0.649752
S2.1.06    poultry 0.110271 0.060352 0.829377
S2.1.07        pig 0.139622 0.711972 0.148407
S2.1.08    poultry 0.109597 0.063950 0.826453
S2.1.09        pig 0.075487 0.855366 0.069147
S2.1.10        pig 0.056882 0.879215 0.063903
S2.1.11    poultry 0.098449 0.083268 0.818282
S2.1.12        pig 0.064885 0.874988 0.060127
S2.1.13    poultry 0.068895 0.113036 0.818070
S2.1.14      fruit 0.839860 0.079367 0.080773
S2.1.15      fruit 0.895761 0.046379 0.057860
S2.1.16      fruit 0.849681 0.094863 0.055456
S2.1.17        pig 0.326432 0.555434 0.118134
S2.1.18      fruit 0.870005 0.058688 0.071307
S2.1.19      fruit 0.855414 0.083200 0.061387
S2.1.20      fruit 0.895761 0.046379 0.057860
